------------------- L-BFGS-B -------------------
84it [00:10,  8.24it/s]
6it [00:00, 59.84it/s]
Covariance Matrix:
 [[ 2.54089406e-04  5.85680425e-07 -2.67961327e-04  1.34308765e-07]
 [ 5.85680425e-07  1.50239948e-09 -6.25555363e-07  2.69614482e-10]
 [-2.67961327e-04 -6.25555363e-07  2.83199614e-04 -1.38193821e-07]
 [ 1.34308765e-07  2.69614482e-10 -1.38193821e-07  1.14157551e-10]]

--------------------- MCMC ---------------------
70it [00:08,  8.35it/s]
400/400 [00:57<00:00,  6.95it/s]
1500/1500 [03:26<00:00,  7.25it/s]
Covariance Matrix:
 [[ 2.54155864e-04  5.85717958e-07 -2.68028173e-04  1.34364393e-07]
 [ 5.85717958e-07  1.50218573e-09 -6.25585979e-07  2.69685966e-10]
 [-2.68028173e-04 -6.25585979e-07  2.83266633e-04 -1.38250850e-07]
 [ 1.34364393e-07  2.69685966e-10 -1.38250850e-07  1.14200122e-10]]

--------------- Nested Sampling ----------------
21266it [01:34, 225.48it/s, +500 | bound: 72 | nc: 1 | ncall: 71506 | eff(%): 30.439 | loglstar:   -inf < -372502.120 <    inf | logz: -372543.900 +/-  0.409 | dlogz:  0.001 >  0.509]
Covariance Matrix: 
 [[ 2.80666568e-04  3.45592707e-07 -2.78242069e-04  2.56711174e-07]
 [ 3.45592707e-07  5.03413526e-10 -3.47255710e-07  2.82524059e-10]
 [-2.78242069e-04 -3.47255710e-07  2.76356816e-04 -2.50401302e-07]
 [ 2.56711174e-07  2.82524059e-10 -2.50401302e-07  2.97715896e-10]]