------------------- L-BFGS-B -------------------
49it [00:26,  1.88it/s]
26it [00:01, 21.43it/s]
Covariance Matrix:
 [[ 4.51615780e-04  5.37536466e-07 -2.89218400e-06  1.09939781e-07]
 [ 5.37536466e-07  3.19156454e-09 -3.12163370e-09  1.18760470e-09]
 [-2.89218400e-06 -3.12163370e-09  6.07922442e-07  1.75664849e-09]
 [ 1.09939781e-07  1.18760470e-09  1.75664849e-09  1.08349894e-09]]

--------------------- MCMC ---------------------
53it [00:06,  8.05it/s]
400/400 [00:57<00:00,  6.98it/s]
1500/1500 [04:35<00:00,  5.44it/s]
Covariance Matrix:
 [[ 4.65583706e-04  5.47975238e-07 -2.94762512e-06  1.12604223e-07]
 [ 5.47975238e-07  3.19241114e-09 -3.12575581e-09  1.18856507e-09]
 [-2.94762512e-06 -3.12575581e-09  6.08064623e-07  1.75521625e-09]
 [ 1.12604223e-07  1.18856507e-09  1.75521625e-09  1.08424218e-09]]


--------------- Nested Sampling ----------------
64it [00:10,  6.36it/s]
20905it [03:53, 89.71it/s, +500 | bound: 169 | nc: 1 | ncall: 155722 | eff(%): 13.746 | loglstar:   -inf < -2864.033 <    inf | logz: -2905.081 +/-  0.404 | dlogz:  0.001 >  0.509]   
Covariance Matrix: 
 [[ 4.19750817e-03 -5.46629873e-08 -5.73341708e-03  1.04105144e-03]
 [-5.46629873e-08  6.61113231e-10  9.34806642e-08 -1.91704112e-08]
 [-5.73341708e-03  9.34806642e-08  7.83825791e-03 -1.42434192e-03]
 [ 1.04105144e-03 -1.91704112e-08 -1.42434192e-03  2.59086370e-04]]