------------------- L-BFGS-B -------------------
44it [00:05,  8.40it/s]
18it [00:00, 90.91it/s]
Covariance Matrix:
 [[ 4.52447624e-04  5.38402829e-07 -2.88239847e-06  1.10139484e-07]
 [ 5.38402829e-07  3.19846335e-09 -3.13379144e-09  1.18977094e-09]
 [-2.88239847e-06 -3.13379144e-09  6.07477725e-07  1.74966998e-09]
 [ 1.10139484e-07  1.18977094e-09  1.74966998e-09  1.08415056e-09]]

--------------- Nested Sampling ----------------
15277it [02:15, 112.54it/s, +500 | bound: 97 | nc: 1 | ncall: 98338 | eff(%): 16.044 | loglstar:   -inf < -2451.074 <    inf | logz: -2487.542 +/-  0.695 | dlogz:  0.566 > 70.000]  
Covariance Matrix: 
 [[ 6.18662086e-03 -5.80836263e-07 -8.26614820e-03  1.30191102e-03]
 [-5.80836263e-07  1.35773748e-09  8.85809770e-07 -1.46973100e-07]
 [-8.26614820e-03  8.85809770e-07  1.10648669e-02 -1.74504114e-03]
 [ 1.30191102e-03 -1.46973100e-07 -1.74504114e-03  2.75540110e-04]]