------------------- L-BFGS-B -------------------
70it [00:08,  8.22it/s]
11it [00:00, 74.32it/s]
Covariance Matrix:
 [[ 4.08949917e-03 -7.19637991e-08 -5.58353099e-03  1.01058773e-03]
 [-7.19637991e-08  6.67882495e-10  1.18642734e-07 -2.36113825e-08]
 [-5.58353099e-03  1.18642734e-07  7.63048243e-03 -1.38215194e-03]
 [ 1.01058773e-03 -2.36113825e-08 -1.38215194e-03  2.50550207e-04]]

--------------------- MCMC ---------------------
137it [00:17,  7.89it/s]
400/400 [00:57<00:00,  6.95it/s]
1500/1500 [03:37<00:00,  6.91it/s]
Covariance Matrix:
 [[ 4.37312462e-03 -7.54645321e-08 -6.08777252e-03  1.30745447e-03]
 [-7.54645321e-08  6.67830274e-10  1.26079474e-07 -2.94569956e-08]
 [-6.08777252e-03  1.26079474e-07  8.48226146e-03 -1.82292735e-03]
 [ 1.30745447e-03 -2.94569956e-08 -1.82292735e-03  3.91996291e-04]]

--------------- Nested Sampling ----------------
18049it [01:47, 167.84it/s, +500 | bound: 76 | nc: 1 | ncall: 74864 | eff(%): 24.777 | loglstar:   -inf < -2054.419 <    inf | logz: -2089.746 +/-  0.375 | dlogz:  0.001 >  0.509] 
Covariance Matrix: 
 [[ 3.99935162e-03 -8.24549518e-08 -5.44748225e-03  9.70738986e-04]
 [-8.24549518e-08  6.60790084e-10  1.32733837e-07 -2.59636475e-08]
 [-5.44748225e-03  1.32733837e-07  7.42712116e-03 -1.32463222e-03]
 [ 9.70738986e-04 -2.59636475e-08 -1.32463222e-03  2.36495460e-04]]