----------- Usefulness Metrics -----------
easy_sample: 0.7855053302590482
QCS_sample: 0.6984504977540922
many_param_sample: 0.6230195031860111
similar_sld_sample_1: 0.5409834900609198
similar_sld_sample_2: 0.35208126708464915
thin_layer_sample_1: 0.469235635444187
thin_layer_sample_2: 0.4427860232031541