------------------- L-BFGS-B -------------------
51it [00:06,  8.31it/s]
13it [00:00, 69.89it/s]
Covariance Matrix:
 [[ 1.14747514e-06 -9.38741153e-09 -6.60298556e-07 -1.48828566e-08]
 [-9.38741153e-09  6.06890934e-09  3.63651594e-08  1.95696460e-09]
 [-6.60298556e-07  3.63651594e-08  6.14597258e-07  1.83099881e-08]
 [-1.48828566e-08  1.95696460e-09  1.83099881e-08  2.74223963e-09]]

--------------------- MCMC ---------------------
54it [00:06,  8.03it/s]
400/400 [00:56<00:00,  7.03it/s]
1500/1500 [03:36<00:00,  6.93it/s]
Covariance Matrix:
 [[ 1.14747411e-06 -9.38740527e-09 -6.60297820e-07 -1.48828523e-08]
 [-9.38740527e-09  6.06890449e-09  3.63651836e-08  1.95696503e-09]
 [-6.60297820e-07  3.63651836e-08  6.14597154e-07  1.83100237e-08]
 [-1.48828523e-08  1.95696503e-09  1.83100237e-08  2.74223967e-09]]

--------------- Nested Sampling ----------------
22057it [01:24, 260.74it/s, +500 | bound: 68 | nc: 1 | ncall: 68700 | eff(%): 32.834 | loglstar:   -inf < -63892.769 <    inf | logz: -63936.116 +/-  0.416 | dlogz:  0.001 >  0.509]
Covariance Matrix: 
 [[ 1.39473725e-06 -1.18488736e-08 -8.12278351e-07 -1.95230390e-08]
 [-1.18488736e-08  6.38860584e-09  3.98602715e-08  2.16420032e-09]
 [-8.12278351e-07  3.98602715e-08  7.24126992e-07  2.21652417e-08]
 [-1.95230390e-08  2.16420032e-09  2.21652417e-08  2.92190038e-09]]