------------------- L-BFGS-B -------------------
114it [00:37,  3.02it/s]
8it [00:00, 31.35it/s]
Covariance Matrix:
 [[ 3.04028816e-04  5.54228197e-07 -3.15868634e-04  1.85401665e-07]
 [ 5.54228197e-07  1.13398755e-09 -5.82372310e-07  3.02146852e-10]
 [-3.15868634e-04 -5.82372310e-07  3.28721908e-04 -1.89231304e-07]
 [ 1.85401665e-07  3.02146852e-10 -1.89231304e-07  1.58747283e-10]]

--------------------- MCMC ---------------------
119it [00:40,  2.96it/s]
400/400 [01:56<00:00,  3.43it/s]
1500/1500 [05:33<00:00,  4.50it/s]
Covariance Matrix:
 [[ 2.88726729e-04  5.31068826e-07 -2.93088518e-04  1.76877628e-07]
 [ 5.31068826e-07  1.08974616e-09 -5.44893456e-07  2.87099909e-10]
 [-2.93088518e-04 -5.44893456e-07  2.98014976e-04 -1.76104671e-07]
 [ 1.76877628e-07  2.87099909e-10 -1.76104671e-07  1.57846119e-10]]