------------------- L-BFGS-B -------------------
143it [00:29,  4.85it/s]
25it [00:00, 45.79it/s]
Covariance Matrix:
 [[ 9.02675173e-05  2.00630558e-06  1.11822889e-03  1.28357122e-05
  -1.24238006e-03  6.48077723e-06]
 [ 2.00630558e-06  5.80266175e-08  2.62361734e-05  2.88561472e-07
  -2.92177908e-05  1.66647692e-07]
 [ 1.11822889e-03  2.62361734e-05  1.94270244e-02  1.75013641e-04
  -2.12202423e-02  1.40420299e-04]
 [ 1.28357122e-05  2.88561472e-07  1.75013641e-04  1.88409192e-06
  -1.93361208e-04  1.07919357e-06]
 [-1.24238006e-03 -2.92177908e-05 -2.12202423e-02 -1.93361208e-04
   2.31990691e-02 -1.52253503e-04]
 [ 6.48077723e-06  1.66647692e-07  1.40420299e-04  1.07919357e-06
  -1.52253503e-04  1.14311952e-06]]

--------------------- MCMC ---------------------
232it [00:44,  5.17it/s]
1000/1000 [02:44<00:00,  6.07it/s]
3000/3000 [08:12<00:00,  6.10it/s]
Covariance Matrix:
 [[ 9.18541186e-05  2.14909482e-06  8.47711144e-04  1.19535666e-05
  -9.70461996e-04  6.06926077e-06]
 [ 2.14909482e-06  6.38621580e-08  2.18057445e-05  2.84999493e-07
  -2.49490663e-05  1.78940407e-07]
 [ 8.47711144e-04  2.18057445e-05  1.24747095e-02  1.23772164e-04
  -1.38863575e-02  1.24447814e-04]
 [ 1.19535666e-05  2.84999493e-07  1.23772164e-04  1.60645922e-06
  -1.40514899e-04  9.72121490e-07]
 [-9.70461996e-04 -2.49490663e-05 -1.38863575e-02 -1.40514899e-04
   1.54818610e-02 -1.36843222e-04]
 [ 6.06926077e-06  1.78940407e-07  1.24447814e-04  9.72121490e-07
  -1.36843222e-04  1.44220139e-06]]

--------------- Nested Sampling ----------------
25169it [14:04, 29.81it/s, +500 | bound: 904 | nc: 1 | ncall: 770522 | eff(%):  3.331 | loglstar:   -inf < 2000.924 <    inf | logz: 1951.271 +/-  0.446 | dlogz:  0.001 >  0.509]  
Covariance Matrix: 
 [[ 8.11468090e-05  1.86220389e-06  1.16056974e-03  1.14284917e-05
  -1.27545255e-03  6.84695575e-06]
 [ 1.86220389e-06  5.62369597e-08  2.85381743e-05  2.66304852e-07
  -3.14160957e-05  1.85359240e-07]
 [ 1.16056974e-03  2.85381743e-05  2.34258498e-02  1.80495684e-04
  -2.53728296e-02  1.70926965e-04]
 [ 1.14284917e-05  2.66304852e-07  1.80495684e-04  1.66466448e-06
  -1.97390632e-04  1.13079479e-06]
 [-1.27545255e-03 -3.14160957e-05 -2.53728296e-02 -1.97390632e-04
   2.74991664e-02 -1.84050771e-04]
 [ 6.84695575e-06  1.85359240e-07  1.70926965e-04  1.13079479e-06
  -1.84050771e-04  1.39102880e-06]]
