------------------- L-BFGS-B -------------------
181it [00:33,  5.40it/s]
46it [00:00, 62.91it/s]
Covariance Matrix:
 [[ 4.56086659e-06  1.68864378e-07 -1.61611351e-04  2.95040888e-07
   5.64203044e-04  4.28887483e-04]
 [ 1.68864378e-07  2.88811217e-08 -1.14278903e-05  9.59645905e-09
   4.27571099e-05  3.18124400e-05]
 [-1.61611351e-04 -1.14278903e-05  1.22533985e-02 -1.20905783e-05
  -4.48916480e-02 -3.37886506e-02]
 [ 2.95040888e-07  9.59645905e-09 -1.20905783e-05  2.45557463e-08
   4.15061690e-05  3.17605573e-05]
 [ 5.64203044e-04  4.27571099e-05 -4.48916480e-02  4.15061690e-05
   1.65209186e-01  1.24201042e-01]
 [ 4.28887483e-04  3.18124400e-05 -3.37886506e-02  3.17605573e-05
   1.24201042e-01  9.34041616e-02]]


--------------------- MCMC ---------------------
193it [00:36,  5.32it/s]
1400/400 [00:55<00:00,  7.17it/s]
1500/1500 [05:33<00:00,  4.50it/s]
Covariance Matrix:
 [[ 4.12361904e-06  1.54295524e-07 -1.11805004e-04  2.54491180e-07
   3.83707932e-04  2.62076549e-04]
 [ 1.54295524e-07  2.82656456e-08 -8.49416922e-06  8.08612832e-09
   3.17132036e-05  2.11128425e-05]
 [-1.11805004e-04 -8.49416922e-06  6.99315383e-03 -8.03922733e-06
  -2.55036533e-02 -1.72156296e-02]
 [ 2.54491180e-07  8.08612832e-09 -8.03922733e-06  2.09163707e-08
   2.69518571e-05  1.85791187e-05]
 [ 3.83707932e-04  3.17132036e-05 -2.55036533e-02  2.69518571e-05
   9.35933833e-02  6.30773002e-02]
 [ 2.62076549e-04  2.11128425e-05 -1.72156296e-02  1.85791187e-05
   6.30773002e-02  4.25307193e-02]]