------------------- L-BFGS-B -------------------
410it [01:15,  5.46it/s]
43it [00:00, 63.65it/s]
Covariance Matrix:
 [[ 1.86472176e-02  9.38165631e-05 -2.62788789e-02  2.55163084e-03 7.13872779e-03  2.10768850e-05]
 [ 9.38165631e-05  5.58250290e-07 -1.29263668e-04  1.23121100e-05 3.28024871e-05  8.95723011e-08]
 [-2.62788789e-02 -1.29263668e-04  3.71678535e-02 -3.61747047e-03 -1.01950451e-02 -3.06855805e-05]
 [ 2.55163084e-03  1.23121100e-05 -3.61747047e-03  3.52778219e-04 9.98999520e-04  3.02472800e-06]
 [ 7.13872779e-03  3.28024871e-05 -1.01950451e-02  9.98999520e-04 2.87097168e-03  8.97944794e-06]
 [ 2.10768850e-05  8.95723011e-08 -3.06855805e-05  3.02472800e-06 8.97944794e-06  3.65113035e-08]]