------------------- L-BFGS-B -------------------
78it [00:09,  8.15it/s]
6it [00:00, 52.17it/s]
Covariance Matrix:
 [[ 3.37503256e-04  5.58058481e-07 -3.48771021e-04  2.22806770e-07]
 [ 5.58058481e-07  1.03466515e-09 -5.82683375e-07  3.34425863e-10]
 [-3.48771021e-04 -5.82683375e-07  3.60942704e-04 -2.26873170e-07]
 [ 2.22806770e-07  3.34425863e-10 -2.26873170e-07  1.94170265e-10]]

--------------------- MCMC ---------------------
90it [00:10,  8.30it/s]
400/400 [00:58<00:00,  6.84it/s]
1500/1500 [03:37<00:00,  6.90it/s]
Covariance Matrix:
 [[ 2.24590168e-04  6.07348731e-07 -2.38827320e-04  1.05547470e-07]
 [ 6.07348731e-07  1.82996428e-09 -6.55276329e-07  2.40881404e-10]
 [-2.38827320e-04 -6.55276329e-07  2.54635844e-04 -1.08723194e-07]
 [ 1.05547470e-07  2.40881404e-10 -1.08723194e-07  9.08462843e-11]]

--------------- Nested Sampling ----------------
20887it [03:06, 112.18it/s, +500 | bound: 90 | nc: 1 | ncall: 85816 | eff(%): 24.922 | loglstar:   -inf < -156279.661 <    inf | logz: -156320.672 +/-  0.404 | dlogz:  0.001 >  0.509]
Covariance Matrix: 
 [[ 2.53920096e-04  3.73262491e-07 -2.54282314e-04  1.98901266e-07]
 [ 3.73262491e-07  6.34593552e-10 -3.78552040e-07  2.60739716e-10]
 [-2.54282314e-04 -3.78552040e-07  2.55122505e-04 -1.95747491e-07]
 [ 1.98901266e-07  2.60739716e-10 -1.95747491e-07  2.07796441e-10]]