------------------- L-BFGS-B -------------------
65it [00:07,  8.17it/s]
11it [00:00, 84.57it/s]
Covariance Matrix:
 [[ 3.96365171e-03 -6.92152303e-08 -5.33962064e-03  8.61335472e-04]
 [-6.92152303e-08  6.68013664e-10  1.13285684e-07 -2.02785435e-08]
 [-5.33962064e-03  1.13285684e-07  7.20010321e-03 -1.16245236e-03]
 [ 8.61335472e-04 -2.02785435e-08 -1.16245236e-03  1.87850898e-04]]

--------------------- MCMC ---------------------
75it [00:10,  7.05it/s]
400/400 [00:54<00:00,  7.33it/s]
1500/1500 [03:22<00:00,  7.40it/s]
Covariance Matrix:
 [[ 3.87614651e-03 -6.77099226e-08 -5.19322962e-03  7.97187208e-04]
 [-6.77099226e-08  6.67993244e-10  1.10551073e-07 -1.89058887e-08]
 [-5.19322962e-03  1.10551073e-07  6.96455522e-03 -1.07005872e-03]
 [ 7.97187208e-04 -1.89058887e-08 -1.07005872e-03  1.64572077e-04]]

--------------- Nested Sampling ----------------
18308it [01:41, 181.27it/s, +500 | bound: 77 | nc: 1 | ncall: 76813 | eff(%): 24.485 | loglstar:   -inf < -3244.352 <    inf | logz: -3280.221 +/-  0.377 | dlogz:  0.001 >  0.509] 
Covariance Matrix: 
 [[ 3.88858941e-03 -1.03304140e-07 -5.20905161e-03  7.99986451e-04]
 [-1.03304140e-07  6.99116365e-10  1.62038975e-07 -2.74273699e-08]
 [-5.20905161e-03  1.62038975e-07  6.98495787e-03 -1.07375376e-03]
 [ 7.99986451e-04 -2.74273699e-08 -1.07375376e-03  1.65266802e-04]]