------------------- L-BFGS-B -------------------
294it [01:40,  2.93it/s]
169it [00:04, 35.98it/s]
Covariance Matrix:
 [[ 2.93383316e-06  2.27227084e-08 -4.02284027e-05  1.51252654e-07 1.24817195e-05  2.37010283e-06  2.67509261e-05  6.81506536e-08 -2.18038732e-06 -1.28265624e-08]
 [ 2.27227084e-08  7.34761052e-10 -1.28320942e-07  3.49870186e-10 4.62354986e-08  7.76679557e-09  7.83332285e-08 -1.94952274e-10 -5.85746592e-09 -5.39669579e-10]
 [-4.02284027e-05 -1.28320942e-07  9.37545557e-04 -3.15925518e-06 -2.66508685e-04 -5.74030781e-05 -6.54676482e-04 -1.91557981e-06 3.18803540e-05  2.47532827e-07]
 [ 1.51252654e-07  3.49870186e-10 -3.15925518e-06  1.24273600e-08 9.78102730e-07  1.86171069e-07  2.07825032e-06  6.19824401e-09 -6.02527121e-08 -1.30410981e-09]
 [ 1.24817195e-05  4.62354986e-08 -2.66508685e-04  9.78102730e-07 1.00771707e-04  1.53375613e-05  1.41216008e-04  1.84371022e-07 2.41149125e-05 -7.72528214e-07]
 [ 2.37010283e-06  7.76679557e-09 -5.74030781e-05  1.86171069e-07 1.53375613e-05  3.57119329e-06  4.17237602e-05  1.27809251e-07 -2.88472594e-06  4.95027641e-09]
 [ 2.67509261e-05  7.83332285e-08 -6.54676482e-04  2.07825032e-06 1.41216008e-04  4.17237602e-05  5.44218864e-04  2.05284017e-06 -9.77283822e-05  1.41721204e-06]
 [ 6.81506536e-08 -1.94952274e-10 -1.91557981e-06  6.19824401e-09 1.84371022e-07  1.27809251e-07  2.05284017e-06  1.14470333e-08 -7.07084342e-07  1.25315750e-08]
 [-2.18038732e-06 -5.85746592e-09  3.18803540e-05 -6.02527121e-08 2.41149125e-05 -2.88472594e-06 -9.77283822e-05 -7.07084342e-07 9.11619757e-05 -1.85903942e-06]
 [-1.28265624e-08 -5.39669579e-10  2.47532827e-07 -1.30410981e-09 -7.72528214e-07  4.95027641e-09  1.41721204e-06  1.25315750e-08 -1.85903942e-06  4.10106903e-08]]