------------------- L-BFGS-B -------------------
293it [01:54,  2.56it/s]
332it [00:09, 33.86it/s]
Covariance Matrix:
 [[ 1.57005897e-03 -2.72123151e-04 -5.43607834e-04 -5.68676624e-07
   1.00801668e-05  4.15262490e-09  1.70509743e-05  4.93666685e-08
  -3.30473200e-05  8.57371755e-09]
 [-2.72123151e-04  4.72163578e-05  9.40716299e-05  9.49547024e-08
  -1.50532290e-06  1.01841026e-09 -3.08966067e-06 -6.22500260e-09
   5.98824247e-06  7.25130464e-09]
 [-5.43607834e-04  9.40716299e-05  1.92986402e-04  2.58762081e-07
  -3.09857368e-06  2.61240573e-08 -7.00990233e-06 -2.88284048e-09
   1.15421115e-05 -1.85167464e-08]
 [-5.68676624e-07  9.49547024e-08  2.58762081e-07  5.35017738e-09
   9.83395203e-08  4.01859012e-09 -9.68880675e-08 -1.39767910e-10
   1.22684354e-07 -3.21542074e-09]
 [ 1.00801668e-05 -1.50532290e-06 -3.09857368e-06  9.83395203e-08
   5.72304491e-06  1.17736746e-07 -4.39607198e-06  2.30311861e-08
   5.48178917e-06 -3.65499593e-08]
 [ 4.15262490e-09  1.01841026e-09  2.61240573e-08  4.01859012e-09
   1.17736746e-07  3.80777495e-09 -9.37166016e-08  1.39234670e-10
   1.29333583e-07 -2.01464013e-09]
 [ 1.70509743e-05 -3.08966067e-06 -7.00990233e-06 -9.68880675e-08
  -4.39607198e-06 -9.37166016e-08  5.37917446e-06 -2.87990453e-08
  -7.74852779e-06 -1.83933840e-08]
 [ 4.93666685e-08 -6.22500260e-09 -2.88284048e-09 -1.39767910e-10
   2.30311861e-08  1.39234670e-10 -2.87990453e-08  7.36473476e-10
   4.87552291e-09  6.50683425e-10]
 [-3.30473200e-05  5.98824247e-06  1.15421115e-05  1.22684354e-07
   5.48178917e-06  1.29333583e-07 -7.74852779e-06  4.87552291e-09
   1.97416567e-05  1.72838730e-07]
 [ 8.57371755e-09  7.25130464e-09 -1.85167464e-08 -3.21542074e-09
  -3.65499593e-08 -2.01464013e-09 -1.83933840e-08  6.50683425e-10
   1.72838730e-07  7.72350160e-09]]

--------------------- MCMC ---------------------
254it [01:29,  2.84it/s]
1000/1000 [03:21<00:00,  4.95it/s]
2500/2500 [08:00<00:00,  5.20it/s]
Covariance Matrix:
 [[ 4.86491301e-05 -9.15443290e-08 -3.89910404e-05  3.16688780e-08
  -2.26417379e-06  2.99786161e-07  4.65767614e-05 -6.37599382e-08
  -2.84066722e-05 -1.00331299e-08]
 [-9.15443290e-08  6.45290358e-09  7.67934693e-09  1.81397041e-09
  -1.32362645e-07 -1.50773583e-09 -3.47571007e-07 -3.20006107e-10
   6.05440897e-07  1.77575727e-09]
 [-3.89910404e-05  7.67934693e-09  3.96962708e-05  1.25043468e-07
   9.31014394e-06 -1.25594562e-07 -4.45659473e-05  1.59827372e-07
   1.05378614e-05 -1.18201808e-08]
 [ 3.16688780e-08  1.81397041e-09  1.25043468e-07  1.02695960e-08
   2.82485295e-07  7.91930987e-09 -2.88938545e-07  2.73418959e-09
  -7.84089890e-07  8.92833769e-10]
 [-2.26417379e-06 -1.32362645e-07  9.31014394e-06  2.82485295e-07
   1.76998803e-05  2.86744751e-07 -8.42570948e-06  1.40951306e-07
  -4.72646874e-05 -2.88451075e-08]
 [ 2.99786161e-07 -1.50773583e-09 -1.25594562e-07  7.91930987e-09
   2.86744751e-07  9.09298717e-09  1.76445248e-07  1.81528057e-09
  -1.13378087e-06  4.22135624e-11]
 [ 4.65767614e-05 -3.47571007e-07 -4.45659473e-05 -2.88938545e-07
  -8.42570948e-06  1.76445248e-07  8.13796632e-05 -2.36283749e-07
  -4.91700576e-05 -8.93722287e-08]
 [-6.37599382e-08 -3.20006107e-10  1.59827372e-07  2.73418959e-09
   1.40951306e-07  1.81528057e-09 -2.36283749e-07  2.22435200e-09
  -1.57643325e-07 -4.48990763e-11]
 [-2.84066722e-05  6.05440897e-07  1.05378614e-05 -7.84089890e-07
  -4.72646874e-05 -1.13378087e-06 -4.91700576e-05 -1.57643325e-07
   2.66641150e-04  1.18331934e-07]
 [-1.00331299e-08  1.77575727e-09 -1.18201808e-08  8.92833769e-10
  -2.88451075e-08  4.22135624e-11 -8.93722287e-08 -4.48990763e-11
   1.18331934e-07  6.95230440e-10]]