------------------- L-BFGS-B -------------------
159it [00:28,  5.51it/s]
37it [00:00, 60.07it/s]
Covariance Matrix:
 [[ 5.34930719e-03  7.04995970e-08  5.29615368e-02  6.13805940e-04
  -5.97407879e-02  6.89627826e-04]
 [ 7.04995970e-08  6.39683046e-10 -2.56256740e-07  6.26850691e-09
   2.30267570e-07 -1.15370790e-08]
 [ 5.29615368e-02 -2.56256740e-07  5.56189358e-01  6.18285413e-03
  -6.24769746e-01  7.42332915e-03]
 [ 6.13805940e-04  6.26850691e-09  6.18285413e-03  7.08464223e-05
  -6.96481340e-03  8.09370243e-05]
 [-5.97407879e-02  2.30267570e-07 -6.24769746e-01 -6.96481340e-03
   7.02019424e-01 -8.32697329e-03]
 [ 6.89627826e-04 -1.15370790e-08  7.42332915e-03  8.09370243e-05
  -8.32697329e-03  1.00562589e-04]]

--------------------- MCMC ---------------------
216it [00:44,  4.82it/s]
400/400 [01:04<00:00,  6.17it/s]
1500/1500 [04:15<00:00,  5.88it/s]
Covariance Matrix:
 [[ 9.21946017e-02  8.30350061e-07 -8.34528659e-02  3.86180265e-04
  -9.31070794e-03  1.35312729e-04]
 [ 8.30350061e-07  6.53250413e-10 -8.39609263e-07  2.80685469e-09
   2.66861596e-08 -1.38646541e-09]
 [-8.34528659e-02 -8.39609263e-07  7.56874528e-02 -3.47545454e-04
   8.25191583e-03 -1.17573246e-04]
 [ 3.86180265e-04  2.80685469e-09 -3.47545454e-04  1.65387497e-06
  -4.13136606e-05  6.25337416e-07]
 [-9.31070794e-03  2.66861596e-08  8.25191583e-03 -4.13136606e-05
   1.15163722e-03 -1.96439583e-05]
 [ 1.35312729e-04 -1.38646541e-09 -1.17573246e-04  6.25337416e-07
  -1.96439583e-05  3.75678862e-07]]