------------------- L-BFGS-B -------------------
189it [00:34,  5.45it/s]
111it [00:01, 56.84it/s]
Covariance Matrix:
 [[ 9.53649543e-02  8.35143566e-07 -8.73497382e-02  3.36260546e-04 -8.56871841e-03  1.30260274e-04]
 [ 8.35143566e-07  6.53514666e-10 -8.49186383e-07  2.38305750e-09 3.14777244e-08 -1.41006162e-09]
 [-8.73497382e-02 -8.49186383e-07  8.01432931e-02 -3.06250710e-04 7.68646905e-03 -1.14694039e-04]
 [ 3.36260546e-04  2.38305750e-09 -3.06250710e-04  1.21594481e-06 -3.22234609e-05  5.11295943e-07]
 [-8.56871841e-03  3.14777244e-08  7.68646905e-03 -3.22234609e-05 9.65613183e-04 -1.73571196e-05]
 [ 1.30260274e-04 -1.41006162e-09 -1.14694039e-04  5.11295943e-07 -1.73571196e-05  3.48637411e-07]]