------------------- L-BFGS-B -------------------
701it [07:35,  1.54it/s]
39it [00:02, 17.98it/s]
Covariance Matrix:
 [[ 8.61650142e-04  1.64529117e-06 -1.64234699e-03  5.70576711e-06 1.89560393e-03  3.41448016e-05 -1.29331143e-04 -5.34222845e-07 2.35623722e-05 -3.31832662e-07]
 [ 1.64529117e-06  4.71588509e-09 -8.74593194e-06  2.23432009e-08 1.00313245e-05  2.01535369e-07 -6.23691666e-07  7.87098350e-09 -1.52827767e-07  1.75191619e-09]
 [-1.64234699e-03 -8.74593194e-06  7.81996477e-02 -1.10553577e-04 -9.02829667e-02 -2.13490328e-03  4.60593059e-03 -2.20198915e-04 5.66135205e-03 -6.49778612e-05]
 [ 5.70576711e-06  2.23432009e-08 -1.10553577e-04  2.01180494e-07 1.26630975e-04  2.80271701e-06 -7.23706905e-06  2.17148752e-07 -5.14353898e-06  5.35391288e-08]
 [ 1.89560393e-03  1.00313245e-05 -9.02829667e-02  1.26630975e-04 1.04310622e-01  2.47316140e-03 -5.25392318e-03  2.59111761e-04 -6.69462168e-03  7.72425749e-05]
 [ 3.41448016e-05  2.01535369e-07 -2.13490328e-03  2.80271701e-06 2.47316140e-03  5.95565579e-05 -1.19573915e-04  6.63812303e-06 -1.74033043e-04  2.03685153e-06]
 [-1.29331143e-04 -6.23691666e-07  4.60593059e-03 -7.23706905e-06 -5.25392318e-03 -1.19573915e-04  3.76514920e-04 -8.11177675e-06 1.49392425e-04 -7.55748062e-07]
 [-5.34222845e-07  7.87098350e-09 -2.20198915e-04  2.17148752e-07 2.59111761e-04  6.63812303e-06 -8.11177675e-06  9.82896158e-07 -2.78162610e-05  3.50937920e-07]
 [ 2.35623722e-05 -1.52827767e-07  5.66135205e-03 -5.14353898e-06 -6.69462168e-03 -1.74033043e-04  1.49392425e-04 -2.78162610e-05 8.16040072e-04 -1.08090294e-05]
 [-3.31832662e-07  1.75191619e-09 -6.49778612e-05  5.35391288e-08 7.72425749e-05  2.03685153e-06 -7.55748062e-07  3.50937920e-07 -1.08090294e-05  1.55252808e-07]]