------------------- L-BFGS-B -------------------
601it [06:45,  1.48it/s]
38it [00:02, 18.26it/s]
Covariance Matrix:
 [[ 8.85322770e-04  1.77105087e-06 -5.85522624e-05  7.51814545e-06
   1.80890859e-04 -2.18157445e-06 -4.85732996e-05 -3.54704739e-06
   1.00429892e-04 -1.08091208e-06]
 [ 1.77105087e-06  8.48989587e-09 -1.65583549e-05  1.30218372e-07
   1.89706505e-05  5.89853895e-08  7.48821416e-08  2.39090796e-08
  -7.07907278e-07  8.84941430e-09]
 [-5.85522624e-05 -1.65583549e-05  8.20126685e-02 -5.15870322e-04
  -9.23090576e-02 -3.49115039e-04 -1.48162451e-03 -1.93631539e-04
   5.81081739e-03 -6.89248261e-05]
 [ 7.51814545e-06  1.30218372e-07 -5.15870322e-04  3.44984639e-06
   5.82145808e-04  2.07982578e-06  6.80580866e-06  1.06712277e-06
  -3.15947088e-05  3.69634284e-07]
 [ 1.80890859e-04  1.89706505e-05 -9.23090576e-02  5.82145808e-04
   1.03937330e-01  3.92683508e-04  1.68859663e-03  2.18443187e-04
  -6.56369460e-03  7.79621532e-05]
 [-2.18157445e-06  5.89853895e-08 -3.49115039e-04  2.07982578e-06
   3.92683508e-04  1.56563937e-06  8.42848786e-06  9.41829878e-07
  -2.86698079e-05  3.44258791e-07]
 [-4.85732996e-05  7.48821416e-08 -1.48162451e-03  6.80580866e-06
   1.68859663e-03  8.42848786e-06  1.68891479e-04  8.59921706e-06
  -3.10488662e-04  4.51242126e-06]
 [-3.54704739e-06  2.39090796e-08 -1.93631539e-04  1.06712277e-06
   2.18443187e-04  9.41829878e-07  8.59921706e-06  6.86070475e-07
  -2.19573461e-05  2.76970935e-07]
 [ 1.00429892e-04 -7.07907278e-07  5.81081739e-03 -3.15947088e-05
  -6.56369460e-03 -2.86698079e-05 -3.10488662e-04 -2.19573461e-05
   7.25912687e-04 -9.59209657e-06]
 [-1.08091208e-06  8.84941430e-09 -6.89248261e-05  3.69634284e-07
   7.79621532e-05  3.44258791e-07  4.51242126e-06  2.76970935e-07
  -9.59209657e-06  1.37311009e-07]]

--------------------- MCMC ---------------------
536it [06:15,  1.43it/s]
1000/1000 [06:24<00:00,  2.60it/s]
3000/3000 [20:07<00:00,  2.48it/s]
Covariance Matrix:
 [[ 2.32193151e-02 -1.64942032e-05 -1.99837728e-02 -9.81486584e-04
  -1.02628022e-02 -2.61223473e-05 -8.32776965e-04 -3.97125264e-05
   1.46195739e-03 -2.23729644e-05]
 [-1.64942032e-05  2.39127870e-08  2.01048762e-05  8.56240361e-07
   8.26068833e-06  1.76790696e-08  4.34187593e-07  2.21273216e-08
  -8.17563813e-07  1.28742312e-08]
 [-1.99837728e-02  2.01048762e-05  2.02082495e-02  9.25898532e-04
   9.30806207e-03  2.18156038e-05  6.15328304e-04  3.03369253e-05
  -1.11458502e-03  1.69568600e-05]
 [-9.81486584e-04  8.56240361e-07  9.25898532e-04  4.42177937e-05
   4.57160194e-04  1.15456884e-06  3.54185782e-05  1.68724327e-06
  -6.26512988e-05  9.67173784e-07]
 [-1.02628022e-02  8.26068833e-06  9.30806207e-03  4.57160194e-04
   4.83305115e-03  1.29622136e-05  4.42039344e-04  2.01864958e-05
  -7.59721895e-04  1.18993732e-05]
 [-2.61223473e-05  1.76790696e-08  2.18156038e-05  1.15456884e-06
   1.29622136e-05  4.06491599e-08  1.63819871e-06  7.11481238e-08
  -2.71261922e-06  4.26958591e-08]
 [-8.32776965e-04  4.34187593e-07  6.15328304e-04  3.54185782e-05
   4.42039344e-04  1.63819871e-06  1.68568122e-04  4.94628338e-06
  -2.28237185e-04  4.34461600e-06]
 [-3.97125264e-05  2.21273216e-08  3.03369253e-05  1.68724327e-06
   2.01864958e-05  7.11481238e-08  4.94628338e-06  1.74949397e-07
  -7.25240358e-06  1.23067152e-07]
 [ 1.46195739e-03 -8.17563813e-07 -1.11458502e-03 -6.26512988e-05
  -7.59721895e-04 -2.71261922e-06 -2.28237185e-04 -7.25240358e-06
   3.20070834e-04 -5.83797103e-06]
 [-2.23729644e-05  1.28742312e-08  1.69568600e-05  9.67173784e-07
   1.18993732e-05  4.26958591e-08  4.34461600e-06  1.23067152e-07
  -5.83797103e-06  1.17149068e-07]]

--------------- Nested Sampling ----------------
210it [02:30,  1.40it/s]
61077it [58:19, 17.45it/s, +500 | bound: 982 | nc: 1 | ncall: 1540921 | eff(%):  3.996 | loglstar:   -inf < -35802.626 <    inf | logz: -35924.064 +/-  0.700 | dlogz:  0.001 >  0.509]
Covariance Matrix: 
 [[ 2.47069971e-02 -1.70340305e-05 -1.85008525e-02 -1.31010168e-03
  -1.34629543e-02 -3.11193847e-05 -8.87355929e-04 -4.51808504e-05
   1.61577476e-03 -2.34917752e-05]
 [-1.70340305e-05  2.31881065e-08  1.79209169e-05  1.08801810e-06
   1.03794485e-05  2.00058270e-08  4.52554692e-07  2.42618343e-08
  -8.76164794e-07  1.31854184e-08]
 [-1.85008525e-02  1.79209169e-05  1.63263208e-02  1.06685194e-03
   1.05434080e-02  2.21593427e-05  5.56971720e-04  2.93961555e-05
  -1.04883607e-03  1.51341575e-05]
 [-1.31010168e-03  1.08801810e-06  1.06685194e-03  7.34390063e-05
   7.46510668e-04  1.70235662e-06  4.69225463e-05  2.38435224e-06
  -8.59952713e-05  1.26250176e-06]
 [-1.34629543e-02  1.03794485e-05  1.05434080e-02  7.46510668e-04
   7.72406767e-03  1.85519430e-05  5.61234401e-04  2.74109093e-05
  -1.00089171e-03  1.49201727e-05]
 [-3.11193847e-05  2.00058270e-08  2.21593427e-05  1.70235662e-06
   1.85519430e-05  5.16118327e-08  1.86134651e-06  8.55847184e-08
  -3.17759203e-06  4.79544573e-08]
 [-8.87355929e-04  4.52554692e-07  5.56971720e-04  4.69225463e-05
   5.61234401e-04  1.86134651e-06  1.71154963e-04  5.26339719e-06
  -2.35975224e-04  4.34907292e-06]
 [-4.51808504e-05  2.42618343e-08  2.93961555e-05  2.38435224e-06
   2.74109093e-05  8.55847184e-08  5.26339719e-06  1.95689388e-07
  -7.90189349e-06  1.29562511e-07]
 [ 1.61577476e-03 -8.76164794e-07 -1.04883607e-03 -8.59952713e-05
  -1.00089171e-03 -3.17759203e-06 -2.35975224e-04 -7.90189349e-06
   3.38395004e-04 -5.95674589e-06]
 [-2.34917752e-05  1.31854184e-08  1.51341575e-05  1.26250176e-06
   1.49201727e-05  4.79544573e-08  4.34907292e-06  1.29562511e-07
  -5.95674589e-06  1.15557340e-07]]