--------------- Nested Sampling ----------------
210it [02:30,  1.40it/s]
61077it [58:19, 17.45it/s, +500 | bound: 982 | nc: 1 | ncall: 1540921 | eff(%):  3.996 | loglstar:   -inf < -35802.626 <    inf | logz: -35924.064 +/-  0.700 | dlogz:  0.001 >  0.509]
Covariance Matrix: 
 [[ 2.47069971e-02 -1.70340305e-05 -1.85008525e-02 -1.31010168e-03
  -1.34629543e-02 -3.11193847e-05 -8.87355929e-04 -4.51808504e-05
   1.61577476e-03 -2.34917752e-05]
 [-1.70340305e-05  2.31881065e-08  1.79209169e-05  1.08801810e-06
   1.03794485e-05  2.00058270e-08  4.52554692e-07  2.42618343e-08
  -8.76164794e-07  1.31854184e-08]
 [-1.85008525e-02  1.79209169e-05  1.63263208e-02  1.06685194e-03
   1.05434080e-02  2.21593427e-05  5.56971720e-04  2.93961555e-05
  -1.04883607e-03  1.51341575e-05]
 [-1.31010168e-03  1.08801810e-06  1.06685194e-03  7.34390063e-05
   7.46510668e-04  1.70235662e-06  4.69225463e-05  2.38435224e-06
  -8.59952713e-05  1.26250176e-06]
 [-1.34629543e-02  1.03794485e-05  1.05434080e-02  7.46510668e-04
   7.72406767e-03  1.85519430e-05  5.61234401e-04  2.74109093e-05
  -1.00089171e-03  1.49201727e-05]
 [-3.11193847e-05  2.00058270e-08  2.21593427e-05  1.70235662e-06
   1.85519430e-05  5.16118327e-08  1.86134651e-06  8.55847184e-08
  -3.17759203e-06  4.79544573e-08]
 [-8.87355929e-04  4.52554692e-07  5.56971720e-04  4.69225463e-05
   5.61234401e-04  1.86134651e-06  1.71154963e-04  5.26339719e-06
  -2.35975224e-04  4.34907292e-06]
 [-4.51808504e-05  2.42618343e-08  2.93961555e-05  2.38435224e-06
   2.74109093e-05  8.55847184e-08  5.26339719e-06  1.95689388e-07
  -7.90189349e-06  1.29562511e-07]
 [ 1.61577476e-03 -8.76164794e-07 -1.04883607e-03 -8.59952713e-05
  -1.00089171e-03 -3.17759203e-06 -2.35975224e-04 -7.90189349e-06
   3.38395004e-04 -5.95674589e-06]
 [-2.34917752e-05  1.31854184e-08  1.51341575e-05  1.26250176e-06
   1.49201727e-05  4.79544573e-08  4.34907292e-06  1.29562511e-07
  -5.95674589e-06  1.15557340e-07]]